51
14
33
10
50
87
59
85
16
18
66
9
2
46
93
62
60
94
3
29
67
13
33
96
64
18
86
58
61
9
66
79
13
75
81
48
96
4
10
31
28
59
38
71
1
86
73
23
0
68
72
73
39
5
45
71
51
24
80
21
20
13
45
64
11
57
52
10
18
41
86
25
99
70
65
25
67
75
63
87
38
44
86
38
61
99
96
9
33
36
44
58
81
4
42
9
43
88
8
75
16
20
90
40
38
39
38
77
9
33
56
33
40
43
73
8
22
33
66
45
48
75
70
35
50
3
88
88
22
5
88
34
73
1
39
6
21
92
59
82
39
83
62
39
60
48
98
64
59
50
89
93
28
92
14
62
47
98
66
99
30
76
32
8
58
88
10
58
13
45
74
22
55
58
38
66
5
89
84
22
56
22
77
26
29
89
81
17
4
14
21
64
37
69
5
80
13
30
10
85
50
39
31
31
29
86
87
4
24
39
56
42
2
96
97
74
4
47
24
66
0
1
28
91
86
96
69
48
56
62
74
5
69
89
24
61
7
35
21
7
66
24
98
23
92
13
33
84
35
88
12
71
81
68
42
68
52
70
91
50
71
7
98
88
34
37
70
4
62
56
50
93
33
51
13
82
55
42
48
91
49
39
72
55
63
64
88
60
0
83
65
63
30
44
44
39
89
63
20
78
34
94
21
21
26
39
36
86
26
7
14
89
40
10
8
96
31
99
2
50
56
26
91
65
72
51
79
93
98
89
28
88
14
17
59
0
63
81
97
45
41
87
45
85
2
96
76
91
44
75
21
79
97
77
23
32
97
58
2
87
82
72
73
28
26
34
11
38
60
87
72
35
58
6
58
64
18
14
75
9
24
99
41
22
58
93
12
37
69
84
19
11
50
64
48
6
65
33
77
56
9
84
46
49
0
63
43
10
94
3
94
15
61
73
52
70
52
6
87
29
11
74
30
70
95
81
22
44
50
88
9
67
31
81
72
10
1
25
31
25
62
84
41
65
85
65
50
60
16
61
12
35
44
91
78
1
96
96
91
69
10
12
9
71
28
76
22
12
70
44
18
83
56
86
25
8
54
28
74
77
49
54
51
49
48
40
48
79
15
47
50
34
69
42
90
9
13
6
1
61
76
87
67
5
5
94
31
43
74
34
20
89
88
41
17
57
94
77
73
68
25
96
8
88
31
33
16
40
31
86
99
21
16
97
51
57
4
73
74
77
71
78
60
69
68
94
21
80
70
63
84
23
53
64
15
36
16
44
90
68
67
88
73
0
26
96
86
49
70
80
50
66
69
47
63
71
59
73
54
41
81
64
40
21
30
39
29
41
49
43
18
89
4
58
21
27
3
70
53
17
92
12
91
74
41
76
96
9
64
79
6
98
30
72
0
42
38
10
80
19
67
22
59
90
61
1
74
38
40
12
65
29
70
69
69
73
60
67
97
62
88
95
91
56
21
23
0
88
91
38
17
41
75
51
61
37
42
29
7
95
79
58
83
80
55
63
54
47
67
41
48
74
73
29
2
36
44
19
19
97
98
67
77
24
91
41
71
34
96
88
56
11
97
23
4
64
27
6
8
68
54
93
95
22
14
53
35
23
23
24
7
74
1
77
89
48
34
11
46
95
44
6
55
93
58
44
24
63
42
52
77
93
72
0
75
89
12
77
83
96
15
40
92
33
20
27
43
93
98
99
22
75
59
30
20
35
90
67
91
48
39
59
55
29
65
59
53
46
2
98
56
83
65
63
18
36
39
70
14
12
87
87
81
84
53
12
53
44
37
78
22
60
88
78
42
47
27
22
90
49
79
63
56
48
83
2
90
95
62
60
53
30
53
30
26
14
50
96
71
25
30
66
75
0
77
58
85
54
92
29
85
41
49
36
79
23
78
65
72
11
47
37
47
92
53
91
42
0
16
76
77
53
9
89
47
6
8
33
20
15
80
63
81
61
2
58
43
28
25
4
53
4
99
35
38
44
59
17
37
5
55
24
37
34
74
57
62
81
67
13
1
89
4
21
16
22
39
30
48
96
8
64
77
87
27
98
29
20
41
84
85
3
20
88
45
21
93
63
0
42
13
3
54
44
34
68
0
75
76
87
63
86
65
44
35
90
28
7
67
72
16
23
64
46
99
28
96
96
19
45
20
50
49
62
95
10
27
99
11
46
95
44
76
58
22
16
76
18
72
61
32
5
22
10
65
71
79
43
98
41
15
98
61
17
61
17
89
73
95
53
9
40
40
5
56
17
26
85
62
65
6
60
40
38
59
36
31
74
0
67
28
6
76
76
8
36
75
29
77
54
38
6
17
73
51
10
62
46
54
54
8
35
25
62
11
66
39
11
75
50
70
2
77
72
52
42
0
88
74
12
57
44
29
83
63
95
13
96
15
28
81
5
38
72
96
48
98
72
54
55
23
40
17
62
29
15
64
44
38
61
69
8
38
69
47
28
73
9
81
62
16
26
61
84
43
42
34
95
80
36
57
84
60
52
90
84
29
9
59
83
94
63
85
76
99
33
87
80
68
54
49
84
9
96
68
97
79
73
1
13
86
73
42
82
27
75
81
98
42
74
83
23
86
22
96
89
62
37
43
34
55
2
42
14
89
36
81
74
17
30
63
50
26
9
12
70
28
54
49
50
75
3
49
82
94
19
54
95
48
73
65
61
75
46
74
96
16
74
30
80
93
95
64
29
70
4
15
67
74
85
88
82
52
17
22
22
23
12
48
2
33
39
72
63
15
23
48
57
60
83
39
81
95
4
76
82
19
3
23
80
59
70
36
5
75
73
60
16
80
43
50
30
87
69
94
76
34
51
23
82
97
44
11
18
84
77
99
92
72
91
25
50
64
71
4
70
67
54
70
95
49
41
50
42
0
72
88
59
89
36
20
81
67
56
77
24
79
28
41
91
60
1
40
27
99
58
23
61
86
89
